,Day,No of Cases,increment
,1,230,13
,2,307,77
,3,380,73
,4,462,82
,5,552,90
,6,636,84
,7,707,71
,8,803,96
,9,1075,272
,10,1418,343
,11,1546,128
,12,2084,538
,13,2361,277
,14,2683,322
,15,3068,385
,16,3144,76
,17,3296,152
,18,3710,414
,19,3814,104
,20,3920,106
